0,0,0
44,98,222
230,233,238
173,147,124
173,147,124
93,89,99
0,0,0
173,147,124
93,89,99
167,50,25
93,89,99
173,147,124
167,50,25
93,89,99
167,50,25
167,50,25
230,233,238
167,50,25
230,233,238
173,147,124
0,36,132
173,147,124
173,147,124
173,147,124
173,147,124
230,233,238
173,147,124
230,233,238
93,89,99
44,98,222
0,0,0
173,147,124
0,36,132
173,147,124
44,98,222
44,98,222
0,0,0
0,36,132
167,50,25
173,147,124
173,147,124
173,147,124
173,147,124
173,147,124
230,233,238
230,233,238
44,98,222
44,98,222
230,233,238
0,36,132
167,50,25
0,36,132
167,50,25
230,233,238
93,89,99
173,147,124
173,147,124
0,36,132
0,0,0
0,0,0
173,147,124
93,89,99
173,147,124
230,233,238
0,36,132
93,89,99
230,233,238
230,233,238
173,147,124
0,36,132
173,147,124
44,98,222
0,36,132
173,147,124
0,36,132
0,36,132
93,89,99
93,89,99
93,89,99
