155,215,233
77,74,68
252,235,184
155,215,233
77,74,68
252,235,184
77,74,68
252,235,184
77,74,68
77,74,68
6,7,7
77,74,68
252,235,184
77,74,68
252,235,184
252,235,184
252,235,184
172,109,79
77,74,68
252,235,184
6,7,7
77,74,68
252,235,184
77,74,68
155,215,233
252,235,184
172,109,79
77,74,68
249,181,6
77,74,68
77,74,68
172,109,79
77,74,68
252,235,184
252,235,184
77,74,68
77,74,68
172,109,79
172,109,79
172,109,79
172,109,79
77,74,68
6,7,7
77,74,68
172,109,79
77,74,68
77,74,68
77,74,68
77,74,68
172,109,79
77,74,68
249,181,6
172,109,79
77,74,68
77,74,68
172,109,79
249,181,6
172,109,79
77,74,68
172,109,79
77,74,68
77,74,68
6,7,7
77,74,68
252,235,184
252,235,184
6,7,7
77,74,68
252,235,184
155,215,233
155,215,233
77,74,68
77,74,68
77,74,68
172,109,79
155,215,233
155,215,233
172,109,79
77,74,68
77,74,68
6,7,7
77,74,68
252,235,184
77,74,68
77,74,68
6,7,7
77,74,68
249,181,6
77,74,68
252,235,184
77,74,68
77,74,68
77,74,68
172,109,79
77,74,68
252,235,184
77,74,68
